750
1
3
4
5
7
9
11
13
14
16
17
19
21
22
23
24
25
28
29
33
34
35
38
39
41
42
43
45
48
50
56
60
62
63
70
73
74
75
77
78
81
83
87
89
90
92
98
100
103
106
107
109
110
111
112
113
120
121
122
125
127
132
135
136
139
140
141
142
145
148
149
154
159
164
166
167
170
174
176
177
178
179
181
184
186
187
189
192
193
194
196
197
201
202
203
205
208
209
210
211
212
213
216
217
219
220
222
225
228
229
230
232
233
235
239
240
241
245
247
251
254
255
258
260
261
265
267
268
272
274
275
276
277
278
279
281
282
283
284
286
287
292
293
294
296
298
299
300
301
302
303
305
308
309
311
312
313
314
315
316
317
319
320
323
325
326
328
329
332
333
334
340
342
346
347
348
349
351
352
354
356
357
358
360
361
362
364
367
369
370
374
377
378
379
380
381
387
389
391
393
396
397
400
404
406
411
412
416
420
421
423
425
429
430
431
433
435
436
439
440
441
442
446
448
450
451
453
456
457
460
462
463
467
468
472
473
477
479
480
483
485
486
488
489
491
493
497
499
500
502
504
505
506
507
508
509
514
515
516
519
520
526
530
531
532
533
536
538
539
540
541
546
549
550
551
554
555
556
557
559
560
561
565
567
569
570
574
575
576
584
588
591
592
593
594
596
597
602
604
605
606
610
611
613
614
616
621
623
626
627
629
638
639
640
641
642
644
645
646
647
648
649
650
652
654
655
656
658
663
667
669
671
672
677
678
679
680
682
687
688
690
691
692
693
694
702
704
706
707
708
712
713
718
719
722
723
724
725
727
728
729
730
732
733
734
736
738
739
741
742
743
745
746
747
748
754
755
756
757
761
764
766
767
768
771
772
775
776
777
778
779
780
784
785
786
787
790
791
792
799
802
803
804
807
809
811
812
815
819
820
821
822
823
826
827
829
830
831
836
839
842
843
844
845
848
849
850
851
852
854
855
859
860
863
864
865
867
869
870
874
875
877
878
880
886
887
888
889
890
893
895
896
899
900
905
906
907
908
913
914
917
921
922
923
924
925
926
931
933
935
936
938
939
942
944
948
950
951
954
955
959
962
963
964
966
969
970
971
972
975
976
978
983
986
987
989
992
994
997
998
0 36
2 46
6 64
8 53
10 54
12 79
15 84
18 37
20 97
26 104
27 57
30 66
31 68
32 69
40 86
44 117
47 55
49 58
51 131
52 82
59 61
65 85
67 152
71 76
72 119
80 143
88 158
91 161
93 116
94 175
95 128
96 185
99 180
101 190
102 126
105 191
108 207
114 206
115 221
118 214
123 215
124 224
129 237
130 168
133 171
134 246
137 248
138 253
144 257
146 218
147 264
150 269
151 223
153 226
155 234
156 172
157 291
160 271
162 306
163 280
165 295
169 322
173 310
182 324
183 335
188 337
195 343
198 331
199 238
200 363
204 359
227 366
231 338
236 250
242 252
243 384
244 385
249 390
256 395
259 399
262 398
263 403
266 288
270 353
273 375
285 417
289 418
290 419
297 427
304 432
307 428
318 336
321 445
327 449
330 350
339 373
341 382
344 464
345 466
355 365
368 388
371 476
372 465
376 487
383 484
386 478
392 496
394 498
401 510
402 512
405 492
407 495
408 523
409 527
410 529
413 535
414 542
415 501
422 517
424 548
426 552
434 558
437 564
438 568
443 545
444 578
447 577
452 580
454 474
455 586
458 587
459 589
461 598
469 600
470 603
471 607
475 608
481 618
482 599
490 534
494 585
503 601
511 634
513 635
518 636
521 630
522 659
524 631
525 579
528 632
537 637
543 666
544 673
547 633
553 685
562 683
563 628
566 660
571 696
572 699
573 676
581 700
582 668
583 717
590 698
595 710
609 720
612 731
615 749
617 750
619 752
620 709
622 762
624 758
625 773
643 781
651 759
653 783
657 793
661 782
662 798
664 788
665 806
670 789
674 684
675 816
681 824
686 828
689 711
695 810
697 774
701 715
703 818
705 753
714 769
716 805
721 868
726 871
735 838
737 834
740 883
744 884
751 892
760 897
763 898
765 902
770 901
794 904
795 909
796 916
797 910
800 928
801 876
808 882
813 940
814 941
817 945
825 946
832 934
833 911
835 918
837 961
840 968
841 974
846 979
847 980
853 981
856 985
857 919
858 927
861 999
862 957
866 949
872 990
873 996
879 930
881 967
885 915
891 958
894 920
903 965
912 973
929 943
932 952
937 977
947 953
956 984
960 988
982 991
993 995
